11111111111111111111111111111111111111111111111111111111111111111111111111111111111111111111111111111111111111111111111111111111
11111111111111111111111111111111111111111111111111111111111111111111111111111111111111111111111111111111111111111111111111111111
11111111111111111111111111111111111111111111111111111111111111111111111111111111111111111111111111111111111111111111111111111111
11111111111111111111111111111111111111111111111111111111111111111111111111111111111111111111111111111111111111111111111111111111
11111111111111111111111111111111111111111111111111111111111111111111111111111111111111111111111111111111111111111111111111111111
11111111111111111111111111111111111111111111111111111111111111111111111111111111111111111111111111111111111111111111111111111111
11111111111111111111111111111111111111111111111111111111111111111111111111111111111111111111111111111111111111111111111111111111
11111111111111111111111111111111111111111111111111111111111111111111111111111111111111111111111111111111111111111111111111111111
11111111111111111111111111111111111111111111111111111111111111111111111111111111111111111111111111111111111111111111111111111111
11111111111111111111111111111111111111111111111111111111111111111111111111111111111111111111111111111111111111111111111111111111
11111999199919991199119911111919111119991199111119911999199919191111199911111991191919991999199919991111111111111111111111111111
11111919191919111911191111111919111111911919111119191919191919191111191911111919191919991919191119191111111111111111111111111111
11111999199119911999199911111191111111911919111119191991199919191111199911111919191919191991199119911111111111111111111111111111
11111911191919111119111911111919111111911919111119191919191919991111191911111919191919191919191119191111111111111111111111111111
11111911191919991991199111111919111111911991111119991919191919991111191911111919119919191999199919191111111111111111111111111111
11111111111111111111111111111111111111111111111111111111111111111111111111111111111111111111111111111111111111111111111111111111
11111111111111111111111111111111111111111111111111111111111111111111111111111111111111111111111111111111111111111111111111111111
11111111111111111111111111111111111111111111111111111111111111111111111111111111111111111111111111111111111111111111111111111111
11111111111111111111111111111111111111111111111111111111111111111111111111111111111111111111111111111111111111111111111111111111
11111111111111111111111111111111111111111111111111111111111111111111111111111111111111111111111111111111111111111111111111111111
11111111111111111111111111111111111111111111111111111111111111111111111111111111111111111111111111111111111111111111111111111111
11111111111111111111111111111111111111111111111111111111111111111111111111111111111111111111111111111111111111111111111111111111
11111111111111111111111111111111111111111111111111111111111111111111111111111111111111111111111111111111111111111111111111111111
11111111111111111111111111111111111111111111111111111111111111111111111111111111111111111111111111111111111111111111111111111111
11111111111111111111111111111111111111111111111111111111111111111111111111111111111111111111111111111111111111111111111111111111
11111111111111111111111111111111111111111111111111111111111111111111111111111111111111111111111111111111111111111111111111111111
11111111111111111111111111111111111111111111111111111111111111111111111111111111111111111111111111111111111111111111111111111111
11111111111111111111111111111111111111111111111111111111111111111111111111111111111111111111111111111111111111111111111111111111
11111111111111111111111111111111111111111111111111111111111111111111111111111111111111111111111111111111111111111111111111111111
11111111111111111111111111111111111111111111111111111111111111111111111111111111111111111111111111111111111111111111111111111111
11111111111111111111111111111111111111111111111111111111111111111111111111111111111111111111111111111111111111111111111111111111
11111111111111111111111111111111111111111111111111111111111111111111111111111111111111111111111111111111111111111111111111111111
11111111111111111111111111111111111111111111111111111111111111111111111111111111111111111111111111111111111111111111111111111111
11111111111111111111111111111111111111111111111111111111111111111111111111111111111111111111111111111111111111111111111111111111
11111111111111111111111111111111111111111111111111111111111111111111111111111111111111111111111111111111111111111111111111111111
11111111111111111111111111111111111111111111111111111111111111111111111111111111111111111111111111111111111111111111111111111111
11111111111111111111111111111111111111111111111111111111111111111111111111111111111111111111111111111111111111111111111111111111
11111111111111111111111111111111111111111111111111111111111111111111111111111111111111111111111111111111111111111111111111111111
11111111111111111111111111111111111111111111111111111111111111111111111111111111111111111111111111111111111111111111111111111111
11111111111111111111111111111111111111111111111111111111111111111111111111111111111111111111111111111111111111111111111111111111
11111111111111111111111111111111111111111111111111111111111111111111111111111111111111111111111111111111111111111111111111111111
11111111111111111111111111111111111111111111111111111111111111111111111111111111111111111111111111111111111111111111111111111111
11111111111111111111111111111111111111111111111111111111111111111111111111111111111111111111111111111111111111111111111111111111
11111111111111111111111111111111111111111111111111111111111111111111111111111111111111111111111111111111111111111111111111111111
11111111111111111111111111111111111111111111111111111111111111111111111111111111111111111111111111111111111111111111111111111111
11111111111111111111111111111111111111111111111111111111111111111111111111112222222221111111111111111111111111111111111111111111
1111111111111111111111111111111111111111111111111111111111111111111111111122ddddddddd2211111111111111111111111111111111111111111
11111111111111111111111111111111111111111111111111111111111111111111111122ddddddddddddd22111111111111111111111111111111111111111
111111111111111111111111111111111122222442222111111111111111111111111122ddddddddddddddddd221111111111111111111111111111111111111
1111111111111111111111111111111112444442244442111111111111111111111112ddddddddddddddddddddd2111111111111111111111111111111111111
111111111111111111111111111111112444477447744421111111111111111111112ddddddddddddddddddddddd211111111111111111111111111111111111
11111111111111111111111111111112444472744277444211111111111111111112ddddddddddddddddddddddddd21111111111111111111111111111111111
1111111111111111111111111111112444447774477744422111111111111111112ddddddddddddddddddddddddddd2111111111111111111111111111111111
1111111111111111111111111111112444244444444444424211111111111111112ddddddddddddddddddddddddddd2111111111111111111111111111111111
111111111111111111111111111111244424499999999442421111111111111112ddddddddddddddddddddddddddddd211111111111111111111111111111111
111111111111111111111111111111244424999922999942421111111111111112ddddddddddddddddddddddddddddd211111111111111111111111111111111
11111111111111111111111111111124442499922229994242111111111111112ddddddddddddddddddddddddddddddd21111111111111111111111111111111
11111111111111111111111111111124442499992299994242111111111111112ddddddddddddddddddddddddddddddd21111111111111111111111111111111
1111111111111111111111111111112444222994994999244211111111111112ddddddddddddddddddddddddddddddddd2111111111111111111111111111111
1111111111111111111111111111112444244249889494222111111221111112ddddddddddddddddddddddddddddddddd2111111111111111111111111111111
1111111111111111111111111111111222144422882222111111122492111112dddddddddddddddd55555dddddddddddd2111111111111111111111111111111
11111111111111111111111111111111111244444442242111112444921dddd2ddddddddddddddd5222225ddddddddddd2111111111111111111111111111111
111111111111111111111111111111111112444444444442222244422ddd1112dddddddddddddd522222225dddddddddd2111111111111111111111111111111
1111111111111111111111111111111111112442224444444444442111111112ddddddddddddd52222222225ddddddddd2111111111111111111111111111111
1111111111111111111111111111111111112424442444444444221111111112ddddddddddddd52222222225ddddddddd2111111111111111111111111111111
1111111111111111111111111111111111112424442444442222111111111112ddddddddddddd52222222225ddddddddd2111111111111111111111111111111
1111111111111111111111111111111111112424442444221111111111111112ddddddddddddd52222222225ddddddddd2111111111111111111111111111111
11111111111111111111111111111111111124244424441111111111111111112dddddddddddd52222222225dddddddd21111111111111111111111111111111
11111111111111111111111111111111111124244442941111111111111111112ddddddddddddd522222225ddddddddd21111111111111111111111111111111
111111111111111111111111111111111111244244429411111111111111111112ddddddddddddd5222225ddddddddd211111111111111111111111111111111
111111111111111111111111111111111111244244429411111111111111111112dddddddddddddd55555dddddddddd211111111111111111111111111111111
1111111111111111111111111111111111112444244294111111111111111111112ddddddddddddddddddddddddddd2111111111111111111111111111111111
1111111111111111111111111211111111112444424294111111111111111111112ddddddddddddddddddddddddddd2111111111111111111111111111111111
11111111111111111111111124211111111124444292941111111111111111111112ddddddddddddddddddddddddd21111111111111111111111111111111111
111111111111111111111111124211111111244249294411111111111111111111112ddddddddddddddddddddddd211111111111111111111111111111111111
1111111111111111111111111124211111124444249941111111111111111111111dd2ddddddddddddddddddddd2dd1111111111111111111111111111111111
111111111111111111111111112421111112444424421111111111111111111111ddd122ddddddddddddddddd221ddd111111111111111111111111111111111
11111111111111111111111111244211112444442444222221111111111111111ddd111122ddddddddddddd221111ddd11111111111111111111111111111111
1111111111111111111111111112421111244444424444442211111111111111ddd111111122ddddddddd221111111ddd1111111111111111111111111111111
111111111111111111111111111244222244444442222222492111111111111ddd11111111112222222221111111111ddd111111111111111111111111111111
11111111111111111111111111112444444444444444499299211111111111ddd11111111111111ddd11111111111111ddd11111111111111111111111111111
1111111111111111111111111111112222244444444499929921111111111ddd111111111111111ddd111111111111111ddd1111111111111111111111111111
111111111111111111111111111111111112444444444992221111111111ddd11111111111111111d11111111111111111ddd111111111111111111111111111
111111111111111111111111111111111111222222222221111111111111dd1111111111111111111111111111111111111dd111111111111111111111111111
11111111111111111111111111111111111111111111111111111111111111111111111111111111111111111111111111111111111111111111111111111111
11111111111111111111111111111111111111111111111111111111111111111111111111111111111111111111111111111111111111111111111111111111
11111111111111111111111111111111111111111111111111111111111111111111111111111111111111111111111111111111111111111111111111111111
11111111111111111111111111111111111111111111111111111111111111111111111111111111111111111111111111111111111111111111111111111111
11111111111111111111111111111111111111111111111111111111111111111111111111111111111111111111111111111111111111111111111111111111
11111111111111111111111111111111111111111111111111111111111111111111111111111111111111111111111111111111111111111111111111111111
11111111111111111111111111111111111111111111111111111111111111111111111111111111111111111111111111111111111111111111111111111111
11111111111111111111111111111111111111111111111111111111111111111111111111111111111111111111111111111111111111111111111111111111
11111111111111111111111111111111111111111111111111111111111111111111111111111111111111111111111111111111111111111111111111111111
11111111111111111111111111111111111111111111111111111111111111111111111111111111111111111111111111111111111111111111111111111111
11111111111111111111111111111111111111111111111111111111111111111111111111111111111111111111111111111111111111111111111111111111
11111111111111111111111111111111111111111111111111111111111111111111111111111111111111111111111111111111111111111111111111111111
11111111111111111111111111111111111111111111111111111111111111111111111111111111111111111111111111111111111111111111111111111111
11111111111111111111111111111111111111111111111111111111111111111111111111111111111111111111111111111111111111111111111111111111
11111111111111111111111111111111111111111111111111111111111111111111111111111111111111111111111111111111111111111111111111111111
11111111111111111111111111111111111111111111111111111111111111111111111111111111111111111111111111111111111111111111111111111111
11111111111111111111111111111111111111111111111111111111111111111111111111111111111111111111111111111111111111111111111111111111
11111111111111111111111111111111111111111111111111111111111111111111111111111111111111111111111111111111111111111111111111111111
11111111111111111111111111111111111111111111111111111111111111111111111111111111111111111111111111111111111111111111111111111111
11111111111111111111111111111111111111111111111111111111111111111111111111111111111111111111111111111111111111111111111111111111
11111111111111111111111111111111111111111111111111111111111111111111111111111111111111111111111111111111111111111111111111111111
11111111111111111111111111111111111111111111111111111111111111111111111111111111111111111111111111111111111111111111111111111111
11111111111111111111111111111111111111111111111111111111111111111111111111111111111111111111111111111111111111111111111111111111
11111111111111111111111111111111111111111111111111111111111111111111111111111111111111111111111111111111111111111111111111111111
11111111111111111111111111111111111111111111111111111111111111111111111111111111111111111111111111111111111111111111111111111111
11111111111111111111111111111111111111111111111111111111111111111111111111111111111111111111111111111111111111111111111111111111
11111111111111111111111111111111111111111111111111111111111111111111111111111111111111111111111111111111111111111111111111111111
11111111111111111111111111111111111111111111111111111111111111111111111111111111111111111111111111111111111111111111111111111111
11111111111111111111111111111111111111111111111111111111111111111111111111111111111111111111111111111111111111111111111111111111
11111111111111111111111111111111111111111111111111111111111111111111111111111111111111111111111111111111111111111111111111111111
11111111111111111111111111111111111111111111111111111111111111111111111111111111111111111111111111111111111111111111111111111111
11111111111111111111111111111111111111111111111111111111111111111111111111111111111111111111111111111111111111111111111111111111
11111111111111111111111111111111111111111111111111111111111111111111111111111111111111111111111111111111111111111111111111111111
11111111111111111111111111111111111111111111111111111111111111111111111111111111111111111111111111111111111111111111111111111111
11111111111111111111111111111111111111111111111111111111111111111111111111111111111111111111111111111111111111111111111111111111
11111111111111111111111111111111111111111111111111111111111111111111111111111111111111111111111111111111111111111111111111111111
11111111111111111111111111111111111111111111111111111111111111111111111111111111111111111111111111111111111111111111111111111111
11111111111111111111111111111111111111111111111111111111111111111111111111111111111111111111111111111111111111111111111111111111
11111111111111111111111111111111111111111111111111111111111111111111111111111111111111111111111111111111111111111111111111111111
11111111111111111111111111111111111111111111111111111111111111111111111111111111111111111111111111111111111111111111111111111111
11111111111111111111111111111111111111111111111111111111111111111111111111111111111111111111111111111111111111111111111111111111
11111111111111111111111111111111111111111111111111111111111111111111111111111111111111111111111111111111111111111111111111111111
11111111111111111111111111111111111111111111111111111111111111111111111111111111111111111111111111111111111111111111111111111111
11111111111111111111111111111111111111111111111111111111111111111111111111111111111111111111111111111111111111111111111111111111

